80
86
86
9
50
0
22
81
32
17
28
95
50
25
95
50
22
80
17
5
17
10
51
91
52
50
33
80
41
80
11
23
76
1
28
31
14
80
28
30
17
9
50
86
76
50
9
37
6
12
80
17
76
50
50
61
19
27
28
28
80
50
15
82
50
28
6
30
73
76
9
42
46
32
46
50
87
28
88
27
32
32
27
19
47
9
84
82
17
32
14
61
95
55
84
10
78
30
76
6
50
17
23
19
96
34
12
69
42
34
77
32
12
86
32
50
50
62
53
34
29
31
70
12
87
29
11
50
19
50
83
6
51
32
44
23
17
83
52
51
52
95
17
7
17
80
83
19
48
45
70
76
44
32
32
50
6
32
50
12
30
19
31
4
27
13
19
37
50
78
56
16
7
86
33
89
17
27
95
43
85
75
9
11
52
25
62
86
27
17
50
76
50
23
17
48
28
17
83
32
80
76
76
95
48
71
25
31
28
11
25
22
71
95
22
6
9
73
80
48
95
11
23
55
16
2
2
97
95
47
50
50
95
19
17
33
95
48
16
25
95
84
89
50
95
95
80
31
79
17
79
5
21
6
11
19
28
77
44
95
52
25
44
17
80
4
11
22
80
32
19
95
84
34
6
95
6
34
15
2
46
16
22
81
92
58
95
95
46
16
11
1
84
58
32
97
50
31
95
86
19
43
89
0
31
32
17
95
16
95
95
32
50
46
32
95
5
6
19
19
22
95
80
89
55
2
25
50
11
13
95
76
14
95
33
88
19
9
22
51
76
92
76
31
11
25
11
14
80
81
95
89
86
25
17
17
1
80
32
76
32
62
17
76
50
32
34
47
50
22
23
32
32
32
55
42
92
62
85
19
58
58
17
14
41
50
27
58
22
7
58
95
50
42
50
95
17
85
79
17
19
95
32
50
18
35
6
76
7
82
80
92
32
27
17
9
80
57
81
32
95
99
80
17
51
61
69
11
50
19
1
19
23
17
19
75
11
50
95
17
17
17
17
-1
50
95
84
17
23
32
32
50
21
6
2
17
9
50
23
30
51
22
17
32
32
17
1
6
23
22
14
80
2
50
81
22
32
96
86
19
6
11
97
97
50
41
32
81
32
48
14
42
11
16
50
80
95
42
-1
2
9
22
17
11
11
48
50
17
96
17
11
50
17
19
6
42
95
50
58
81
65
85
27
95
19
81
96
80
95
22
11
85
62
95
17
32
84
86
11
96
62
95
96
50
76
13
97
69
80
34
22
84
22
13
11
63
9
50
95
7
2
95
95
95
95
5
50
50
22
53
11
95
95
2
16
51
76
95
11
58
11
58
55
95
58
32
25
66
23
30
19
95
17
95
76
50
32
95
6
81
95
34
17
85
31
28
27
19
27
80
50
46
38
58
50
95
17
84
6
89
6
42
58
30
80
42
80
32
32
50
23
1
19
27
80
19
83
28
55
1
65
23
13
58
17
22
33
50
58
17
14
2
49
19
43
95
51
80
50
92
42
58
95
6
17
38
11
46
31
71
95
32
95
84
47
25
13
19
32
17
50
95
85
50
25
41
83
50
60
30
58
12
95
17
38
11
6
80
32
34
25
80
58
65
58
23
27
13
6
32
70
58
28
56
76
42
22
80
53
28
50
2
96
89
23
95
27
95
25
31
96
62
58
27
95
70
50
32
4
55
56
7
65
22
50
76
76
50
42
31
92
38
86
57
83
39
55
77
58
81
95
50
55
23
56
17
96
31
52
31
33
17
83
17
50
0
23
30
27
95
21
44
50
23
19
62
17
41
33
50
68
81
84
79
28
29
35
50
50
50
86
17
79
58
77
19
41
27
84
54
95
91
22
22
22
50
30
22
27
77
79
95
59
40
61
16
37
22
95
55
19
89
95
42
22
80
19
33
86
50
33
27
50
22
85
50
2
50
6
31
50
52
96
95
1
17
50
38
95
2
50
89
85
2
80
80
86
54
9
17
35
80
17
53
30
89
30
34
2
71
92
95
95
17
55
50
50
11
95
95
6
76
50
-1
17
5
89
72
48
0
6
32
50
84
22
31
19
50
52
22
6
7
79
96
0
76
43
85
-1
50
23
6
17
50
19
69
85
17
17
41
81
20
6
6
92
95
11
52
17
80
31
84
86
14
9
86
77
17
50
17
76
50
55
17
71
32
6
45
35
31
17
25
33
31
16
50
53
95
37
50
95
25
95
0
50
80
25
50
86
17
50
2
76
5
84
95
17
50
81
50
28
95
95
57
23
0
95
95
23
6
95
86
50
50
22
76
68
2
22
95
6
80
19
2
80
15
32
75
1
83
41
21
17
17
49
33
23
11
87
19
19
50
52
52
22
50
95
80
14
50
95
50
76
50
50
95
23
15
50
50
22
22
50
32
76
95
50
95
33
53
19
50
37
23
17
19
96
79
6
11
48
22
37
32
25
51
19
50
42
32
50
17
50
31
92
50
50
50
32
22
17
23
11
23
32
32
50
32
95
97
50
95
33
33
50
57
17
97
43
17
1
78
86
17
31
50
36
23
17
30
42
41
17
29
50
80
50
50
55
50
62
22
0
32
80
95
79
2
80
27
22
84
95
76
53
50
48
90
95
95
86
95
50
50
17
-1
23
95
48
50
17
23
42
59
50
0
80
19
6
32
29
72
50
32
95
28
17
50
14
51
31
16
50
50
32
19
19
2
95
49
42
53
22
17
50
95
22
23
72
50
50
95
22
50
19
50
95
6
95
71
86
23
95
17
95
22
84
50
32
95
46
32
31
32
50
17
17
34
19
95
23
30
85
79
23
22
4
95
51
50
2
50
83
95
86
3
54
22
58
50
22
50
6
6
7
80
62
6
9
35
81
22
97
31
50
11
55
32
50
95
97
50
50
23
71
74
19
71
49
66
86
20
57
88
1
21
9
66
71
78
19
58
27
67
76
25
30
58
74
58
18
19
74
61
43
87
58
9
83
22
67
86
80
19
25
95
50
78
1
28
96
30
9
16
9
9
16
6
19
9
19
37
78
32
78
28
66
19
50
54
9
28
9
30
9
28
72
97
9
4
21
28
83
97
9
95
97
14
78
28
11
26
44
78
50
97
42
9
4
42
78
17
99
28
55
97
80
78
5
97
5
6
88
12
77
9
30
58
97
11
9
49
49
44
99
50
83
99
58
86
97
12
50
68
11
23
78
9
86
9
49
9
50
94
55
55
50
58
2
77
9
97
94
9
28
78
9
28
84
95
78
78
30
30
9
30
5
34
83
78
46
5
78
55
78
99
28
81
7
50
19
78
80
55
94
30
30
20
7
28
83
58
99
51
42
32
14
9
33
28
32
28
34
17
17
19
19
85
48
21
28
95
81
45
32
95
50
42
2
31
80
22
58
58
66
19
31
49
7
19
15
9
37
50
9
80
47
2
76
22
28
45
9
99
50
95
72
95
80
36
95
23
77
81
86
23
55
9
80
1
95
22
21
9
50
55
50
47
9
13
50
6
54
19
1
21
28
81
77
84
9
86
9
37
83
83
83
89
87
27
19
30
50
83
55
23
14
22
96
33
17
61
61
50
48
17
80
14
55
95
42
49
7
55
23
84
23
55
86
95
23
50
29
4
25
23
50
95
44
95
86
50
86
1
83
54
95
85
95
25
27
6
47
23
48
32
47
85
64
42
12
18
47
96
46
23
83
47
39
78
20
0
47
47
17
47
47
47
34
47
96
6
19
50
32
53
2
81
47
25
39
7
47
4
33
47
87
42
47
47
32
47
12
76
47
58
58
84
80
80
80
50
80
41
50
86
58
58
47
47
61
32
25
48
42
47
34
6
95
19
50
48
33
17
33
50
88
96
9
23
96
1
37
4
18
0
8
47
44
96
95
6
80
18
41
23
77
47
77
33
77
18
19
80
80
85
50
96
27
17
60
35
47
12
23
58
96
47
1
83
19
47
47
47
85
33
47
47
64
2
8
79
44
42
4
96
33
47
0
22
50
86
9
81
47
48
79
85
41
11
84
18
97
9
45
58
11
81
9
83
50
72
34
83
17
32
19
6
7
87
55
16
32
32
6
13
23
9
97
57
77
83
31
17
23
62
32
9
6
37
81
19
92
95
80
50
50
23
51
50
7
96
6
9
1
50
32
50
50
83
58
50
19
32
83
18
9
58
19
5
32
13
41
58
50
17
19
19
22
51
9
6
50
42
23
23
49
49
9
50
83
32
2
9
58
17
50
17
95
9
58
32
86
58
43
19
32
13
13
77
89
19
2
58
2
17
18
25
58
16
95
83
37
19
9
70
28
50
22
58
86
32
80
54
11
2
50
80
86
80
2
80
50
85
18
50
70
2
50
50
50
69
5
32
17
50
33
5
32
50
13
46
5
72
42
19
72
16
22
23
77
9
11
97
11
58
50
80
86
58
17
7
22
32
19
17
16
58
32
77
50
50
50
19
35
9
35
2
22
32
48
19
80
46
17
58
31
71
32
19
16
85
27
49
77
83
17
83
9
86
32
11
22
5
13
80
32
17
50
95
13
55
63
50
32
22
58
13
86
83
50
17
87
32
5
77
6
13
97
50
5
20
13
50
19
63
6
6
7
37
72
50
63
81
50
50
-1
11
7
54
11
1
88
58
58
58
89
58
78
14
78
43
71
25
78
13
58
28
80
11
33
83
44
19
88
7
31
42
50
71
6
88
66
7
86
88
83
81
7
87
95
28
68
37
21
86
60
54
36
83
36
82
88
7
17
43
8
88
83
-1
27
6
31
86
9
43
83
83
42
50
49
81
39
7
83
46
86
28
2
87
9
1
83
61
80
76
41
83
87
88
53
70
53
88
89
42
46
45
70
31
83
83
58
19
11
86
88
42
61
19
16
76
58
58
61
88
83
83
76
95
23
87
76
31
62
96
50
67
12
88
16
6
42
-1
7
34
42
70
19
27
58
7
83
83
35
58
22
51
89
69
32
92
46
6
88
76
58
70
43
55
31
56
25
7
42
33
33
55
32
88
50
87
70
55
45
84
81
86
83
81
9
2
34
81
8
87
44
42
58
88
88
86
78
92
6
71
27
50
4
48
0
7
45
67
83
88
76
77
19
80
76
50
-1
45
2
19
58
17
21
37
50
19
19
83
50
27
19
95
31
7
88
81
55
87
97
95
19
83
17
19
19
15
43
94
85
50
79
53
50
94
88
50
34
48
19
58
2
86
88
81
24
88
17
58
76
27
7
42
83
60
19
2
32
7
19
55
1
50
83
82
82
50
88
70
58
17
83
6
21
19
46
44
50
50
95
27
87
70
42
7
19
83
86
37
47
89
86
11
19
73
50
7
51
50
86
22
32
51
37
76
50
63
19
88
50
92
92
92
25
19
92
61
70
4
2
92
92
75
55
19
44
7
0
50
52
55
50
74
27
80
2
83
86
99
1
55
88
1
55
58
17
55
25
33
86
28
24
32
7
63
70
11
90
31
19
58
43
27
19
19
46
88
92
70
26
58
70
77
42
4
46
32
19
19
61
7
46
44
29
25
88
7
50
88
76
58
55
62
27
50
29
17
32
99
58
86
2
95
95
50
6
19
86
22
7
50
83
50
7
17
19
36
55
31
0
50
97
46
92
46
19
17
31
28
9
88
86
92
19
83
54
7
19
19
88
2
55
6
73
19
19
83
87
55
55
87
27
19
28
83
17
43
27
2
80
19
19
7
96
95
95
28
86
19
50
50
43
86
92
92
44
88
19
78
92
92
67
7
50
95
7
32
27
19
32
19
84
50
19
55
27
84
50
43
7
58
92
28
66
85
83
95
17
95
19
24
86
25
83
46
19
80
1
17
70
50
27
78
50
92
61
77
72
55
92
86
19
19
19
0
7
19
19
72
50
19
19
19
35
15
78
27
23
65
96
65
27
2
74
32
25
19
19
19
37
58
86
7
19
40
19
78
50
37
50
7
77
42
19
86
74
34
50
41
11
55
58
41
2
61
50
58
88
76
66
27
30
43
87
58
75
17
83
2
19
43
7
24
19
46
19
90
19
50
19
33
83
50
7
1
19
83
19
74
86
74
57
7
81
17
48
42
19
7
78
82
50
83
19
19
24
12
61
86
19
19
31
32
86
42
17
95
19
78
44
19
83
83
80
86
19
33
31
25
86
43
19
17
43
19
19
97
76
88
33
50
2
50
19
2
83
98
48
4
2
1
17
36
28
23
55
51
95
14
80
95
19
22
49
50
2
83
24
19
9
2
42
2
95
50
2
2
48
86
2
2
80
2
1
22
2
11
86
14
30
98
17
41
84
2
34
17
22
86
80
50
83
6
41
56
51
19
22
16
95
58
13
35
98
95
95
22
96
22
22
55
86
95
95
9
50
27
73
50
48
50
62
30
2
27
57
64
22
22
51
16
95
22
23
62
95
22
51
95
77
95
95
