73
17
29
39
65
24
6
12
32
17
90
95
6
25
1
83
15
73
6
5
17
1
44
71
18
76
11
80
17
73
85
71
71
95
90
48
15
17
48
73
71
58
32
91
71
73
60
94
28
98
73
84
76
71
17
52
19
37
38
46
71
33
15
41
35
90
63
19
79
76
39
93
88
86
27
32
50
64
72
26
33
73
61
1
47
39
69
6
71
79
53
66
95
67
96
76
46
73
76
6
50
35
32
26
62
64
12
6
42
34
82
12
98
42
98
19
71
63
60
7
61
24
98
98
3
62
98
71
22
91
12
48
98
82
92
44
17
42
52
85
52
17
27
96
71
58
15
98
32
88
98
76
19
53
98
28
64
48
26
2
96
60
39
59
7
42
25
89
6
53
0
78
78
86
48
2
37
81
17
43
28
86
14
19
41
6
49
63
26
71
50
76
50
26
17
29
79
0
85
43
74
76
39
15
28
95
6
19
90
15
6
89
64
71
82
42
39
73
66
36
69
14
28
37
16
66
1
6
7
63
50
35
15
32
71
18
62
85
56
6
15
71
71
66
96
95
72
63
71
71
71
5
90
64
15
17
90
77
16
15
7
6
16
92
71
35
86
64
73
64
95
67
69
92
31
33
71
68
92
8
83
16
1
37
41
58
6
39
84
16
14
9
17
37
32
80
30
95
63
32
97
6
85
35
71
6
85
12
11
63
95
32
96
0
8
15
98
19
37
85
6
15
6
70
58
95
80
37
15
32
92
76
15
94
55
71
66
17
96
56
76
95
76
13
15
6
11
93
35
37
15
2
77
37
38
6
91
8
32
82
0
7
6
76
34
52
15
47
7
73
51
63
85
6
23
68
60
98
71
40
22
25
71
45
69
82
42
92
6
58
25
15
98
71
50
50
17
71
23
84
6
15
47
91
34
59
91
76
71
82
85
72
39
52
35
21
27
94
32
28
15
23
26
30
13
76
83
15
49
74
91
19
69
63
40
56
34
71
0
28
40
48
59
-1
85
63
49
69
96
62
62
17
76
6
51
35
63
50
86
70
39
48
17
7
70
9
39
73
42
15
45
6
64
24
15
52
13
71
56
55
6
17
73
73
16
60
32
30
28
49
93
49
15
87
85
26
15
93
-1
99
39
95
85
49
52
35
85
35
72
17
15
82
93
55
64
69
15
19
65
81
65
71
37
37
6
41
7
49
15
51
92
62
56
15
71
32
24
86
71
84
1
95
33
56
30
13
46
32
67
52
49
1
17
34
15
86
73
71
73
6
66
15
63
69
48
13
82
6
91
82
15
23
76
51
37
13
76
15
15
92
33
46
92
92
58
7
96
28
23
11
37
85
71
15
22
18
92
63
73
76
15
34
62
60
1
17
77
86
92
86
63
32
33
58
64
76
60
86
18
70
63
77
92
30
91
0
69
60
78
62
64
5
6
27
28
94
96
28
37
92
70
69
92
73
17
96
85
22
59
94
53
86
43
1
98
27
13
6
7
28
92
76
95
28
71
63
76
34
49
43
23
63
17
49
78
37
35
39
69
70
77
23
33
76
24
27
86
86
60
92
63
32
58
17
13
32
58
47
49
53
6
29
92
13
58
30
60
13
60
32
99
58
90
36
76
42
23
86
4
98
71
1
71
76
65
63
35
94
37
31
66
96
29
63
7
34
86
88
85
37
56
68
22
62
57
76
76
96
71
36
77
17
35
95
64
77
4
77
70
15
49
18
77
95
78
37
2
63
52
63
73
32
64
91
83
63
71
55
27
95
68
23
72
96
8
62
58
73
62
84
62
23
84
50
60
66
32
64
95
37
93
83
71
22
77
83
41
96
69
1
95
39
85
85
85
50
63
15
7
16
44
95
88
39
13
8
94
13
49
37
48
7
63
92
93
71
7
18
67
70
88
45
71
48
49
8
71
71
81
84
46
48
7
33
82
37
59
30
95
8
82
70
71
76
37
27
77
51
21
50
71
57
96
27
71
2
96
82
33
95
77
62
1
24
49
18
50
14
69
49
76
76
91
-1
85
5
16
16
28
96
15
71
91
85
28
85
77
70
66
86
64
92
95
1
0
76
62
84
-1
63
86
76
56
64
76
39
91
99
35
70
34
3
43
96
77
1
86
52
94
60
70
91
76
53
39
95
56
37
50
91
76
71
89
50
95
63
0
45
13
92
17
7
32
48
28
50
88
66
7
71
17
29
85
85
75
71
28
67
17
73
49
57
76
67
49
63
17
72
21
96
65
8
69
57
69
66
63
69
30
64
21
49
62
56
82
76
66
20
85
56
68
39
32
49
96
35
32
42
53
68
41
71
17
70
87
68
76
47
7
83
57
42
52
3
91
50
71
26
48
68
95
32
76
32
50
14
56
15
6
50
48
64
48
60
76
33
44
95
57
50
44
50
37
26
17
70
84
35
81
35
82
84
94
32
80
35
70
84
49
26
75
17
85
48
48
16
50
7
6
56
48
30
71
71
15
59
50
0
35
97
62
49
15
18
50
68
91
78
35
56
37
53
86
71
62
63
77
86
62
24
1
73
71
22
10
91
35
50
37
23
35
70
35
37
71
71
71
50
35
35
70
35
3
76
84
50
78
44
57
37
71
95
85
50
71
-1
56
4
49
82
23
91
62
46
19
0
2
40
91
85
53
72
6
76
49
60
4
32
53
85
48
27
83
88
62
71
62
27
95
82
92
6
38
19
50
8
53
57
7
70
65
1
71
23
17
76
84
59
69
92
69
6
85
85
71
85
57
78
32
8
46
28
65
32
50
96
93
34
19
15
56
30
6
3
85
72
8
96
49
71
2
65
64
69
86
20
5
98
69
33
33
71
28
66
28
51
37
26
28
19
51
28
42
39
28
86
37
66
8
68
25
62
62
94
23
36
22
45
45
45
86
39
58
22
84
45
39
44
91
53
40
22
77
49
20
94
46
22
36
22
56
58
36
22
29
22
22
39
84
22
71
86
43
4
37
7
64
53
1
90
83
73
91
4
39
39
49
82
70
80
47
79
53
70
70
53
46
79
57
51
58
46
39
30
98
46
85
79
44
73
39
90
70
79
74
37
79
39
53
86
98
7
70
70
38
79
88
39
94
37
70
70
52
94
68
79
70
53
5
79
8
6
71
1
71
39
30
37
79
14
39
41
54
61
99
26
16
99
39
62
79
10
82
12
70
73
53
94
96
55
4
39
70
94
34
97
17
99
70
70
50
29
70
39
90
70
55
90
84
56
70
70
30
30
88
99
64
59
94
53
52
6
70
37
53
3
70
74
79
70
37
53
70
60
70
17
30
65
92
90
63
58
79
62
44
8
55
39
65
90
63
70
71
78
70
64
19
63
97
90
90
70
37
64
32
63
26
22
82
37
73
74
37
37
64
53
80
36
70
43
33
39
87
64
39
51
38
37
99
48
5
69
39
90
63
68
2
32
28
91
37
37
12
37
86
56
30
39
22
35
6
61
90
39
64
12
93
47
39
8
4
6
27
37
63
39
55
37
77
61
39
61
44
94
83
31
73
73
24
10
32
30
32
30
55
10
48
85
74
73
4
72
60
17
74
97
14
41
55
85
70
43
29
26
85
97
26
55
69
91
84
85
10
85
96
8
50
85
23
85
63
63
88
27
38
89
28
50
95
39
77
99
47
41
95
32
47
37
42
98
1
37
48
1
17
58
1
36
36
78
0
10
47
28
94
28
16
36
51
47
51
26
31
81
60
37
6
26
28
36
47
20
28
41
36
47
22
63
47
57
59
47
47
20
47
17
62
98
6
28
41
26
6
74
74
6
10
62
47
47
61
42
28
84
92
47
64
60
31
28
65
18
34
34
70
37
65
71
49
37
47
84
94
31
27
7
8
47
15
47
63
0
80
86
36
62
53
47
88
83
77
94
62
99
82
85
1
47
96
38
15
36
47
10
28
22
83
47
60
64
86
47
47
47
71
18
47
47
64
92
22
76
42
49
47
95
36
47
35
86
36
91
48
81
47
27
95
21
74
14
2
33
17
55
15
22
32
37
55
70
70
32
61
94
37
6
5
37
27
80
40
96
58
32
61
44
62
55
60
57
77
70
62
5
57
71
32
96
6
87
37
40
80
84
92
37
6
6
26
65
25
62
33
55
58
96
58
37
29
33
58
65
84
32
43
5
55
44
92
5
6
55
1
70
37
47
19
55
37
62
55
64
32
95
5
80
32
26
55
2
91
32
83
55
58
59
34
56
5
55
37
6
71
58
43
29
6
55
52
37
68
78
37
62
77
59
5
37
22
7
95
6
87
49
73
99
6
7
5
47
88
85
6
51
15
49
20
26
29
30
50
33
79
85
5
62
92
91
79
93
28
57
5
6
92
91
5
5
28
6
55
58
5
67
49
1
94
97
22
61
77
55
28
26
19
52
56
6
89
37
17
29
6
32
62
83
7
22
58
68
23
38
95
6
66
56
59
6
56
6
16
40
28
43
99
37
62
71
6
19
49
7
56
16
23
18
6
51
39
37
37
40
29
5
55
37
32
35
6
84
52
80
37
47
32
86
99
52
23
23
69
34
83
32
5
77
85
52
19
71
5
20
55
13
32
63
32
6
61
87
6
56
68
81
65
56
-1
18
39
83
83
23
75
46
58
53
73
58
83
90
41
43
50
25
53
46
58
34
73
14
18
73
39
23
75
77
23
75
60
75
39
65
45
29
31
75
29
34
23
68
88
60
59
87
79
69
87
54
54
81
30
66
75
42
96
43
8
75
79
-1
69
64
29
6
54
43
53
87
23
50
43
97
23
29
83
12
73
90
91
22
22
20
83
74
97
31
31
99
77
75
18
37
46
38
67
76
46
45
99
84
53
83
27
34
13
19
58
65
61
19
98
99
58
99
61
75
79
83
25
96
96
77
6
22
1
51
66
67
99
75
37
15
65
-1
29
34
81
99
42
30
22
29
53
29
12
12
24
78
89
97
23
37
91
72
37
62
58
20
43
37
20
64
37
7
31
75
11
63
75
54
51
22
99
37
45
79
9
29
83
99
53
64
72
34
8
26
44
12
58
58
58
29
53
37
60
43
63
75
87
29
22
50
10
76
85
53
76
22
29
61
53
64
-1
26
29
1
22
59
79
87
23
19
40
29
8
75
52
29
19
29
39
34
23
13
60
40
40
29
64
29
37
53
43
91
91
45
95
22
47
91
58
33
29
40
38
58
65
23
37
34
89
75
32
25
20
95
42
42
83
53
19
89
23
23
40
62
23
5
93
75
37
12
75
70
94
84
79
31
79
56
65
48
80
16
77
74
22
92
51
29
26
97
58
87
87
89
66
18
94
45
26
29
38
29
41
83
32
98
2
59
4
91
94
75
75
37
48
37
37
19
92
61
99
87
69
92
92
37
96
29
19
29
75
37
86
97
29
96
75
23
29
29
20
23
23
99
23
49
29
29
2
23
25
18
29
75
29
23
7
23
99
11
59
20
19
23
43
75
74
29
99
23
37
99
37
22
99
19
0
89
46
75
2
89
75
29
45
75
20
50
50
9
1
23
42
58
80
62
20
75
53
64
94
23
58
23
89
48
48
37
64
29
50
81
29
23
67
23
29
29
29
97
83
89
0
64
97
46
37
47
29
29
20
75
97
23
29
32
45
86
43
29
6
32
23
29
5
25
93
32
32
29
97
97
97
77
97
97
90
29
29
67
23
6
73
29
40
29
27
48
23
4
23
19
17
23
29
98
23
37
46
23
94
75
37
23
67
29
99
74
99
29
80
29
77
29
84
85
1
55
29
23
79
23
29
37
37
46
5
84
79
68
34
7
7
80
29
37
52
46
32
80
1
57
99
29
66
53
1
92
68
33
72
77
77
99
48
19
19
95
23
78
76
72
93
29
21
19
55
6
53
23
24
13
34
13
27
71
74
32
29
72
61
7
6
79
29
29
61
34
37
53
37
74
75
83
23
91
49
10
13
68
16
41
11
22
37
23
62
37
19
58
46
20
60
38
47
43
40
58
42
43
29
29
19
43
9
29
29
1
62
28
97
16
29
97
29
75
23
98
79
99
29
13
38
13
57
20
81
45
74
42
29
27
75
58
72
6
44
19
44
71
23
29
7
53
23
27
29
2
23
20
40
53
75
40
40
63
80
19
98
16
31
25
99
43
40
23
64
40
40
79
29
79
24
78
80
12
2
67
26
95
84
39
92
35
84
64
90
68
55
55
84
53
26
21
40
21
24
84
86
26
24
21
39
84
21
78
67
84
95
2
48
86
95
4
26
28
63
38
73
67
86
53
30
95
84
95
57
95
34
91
85
84
84
84
26
64
83
30
56
26
33
95
69
92
13
46
65
95
25
41
5
50
93
96
41
95
86
58
21
27
96
85
30
23
20
30
85
31
46
64
85
6
98
7
84
84
85
7
75
85
85
95
16
85
85
85
0
87
46
73
90
12
8
90
32
26
12
12
12
90
12
83
31
90
46
58
56
46
21
89
12
12
12
56
55
46
12
90
56
92
37
26
46
36
79
12
11
72
90
74
75
37
46
36
14
71
12
6
37
12
12
51
51
60
46
32
19
6
5
79
24
56
26
79
22
17
33
94
71
12
80
24
26
55
43
31
63
37
48
53
47
99
40
47
51
46
31
70
60
58
99
12
94
90
6
74
94
87
99
58
90
47
53
16
24
24
26
22
58
44
76
46
51
32
76
12
24
62
46
27
29
72
53
55
26
26
65
20
90
31
37
31
95
95
90
36
37
76
6
76
51
57
12
79
46
64
46
28
90
12
81
19
74
12
39
46
90
94
56
99
99
73
46
15
90
99
51
37
22
51
51
90
51
51
28
26
51
82
6
51
90
90
46
80
22
74
73
54
37
0
87
28
46
16
15
15
89
36
46
60
60
43
88
46
43
90
22
37
68
45
71
90
27
88
94
44
97
29
79
63
16
50
6
90
12
46
6
1
6
-1
6
6
90
59
6
37
90
61
90
56
94
88
12
82
51
39
68
46
90
50
46
90
28
80
59
46
90
85
20
56
85
16
31
43
51
46
58
20
33
26
46
82
46
37
46
56
5
65
75
17
7
51
17
67
85
28
51
17
15
81
83
40
33
65
5
17
97
48
42
34
85
53
48
98
86
67
94
17
41
65
94
84
59
17
55
72
6
94
74
70
51
34
26
37
53
80
7
22
43
72
47
6
6
17
17
30
94
17
1
92
72
65
1
60
72
17
17
68
96
14
84
6
17
66
53
65
28
28
25
70
82
65
17
57
65
62
17
28
6
58
4
35
28
17
28
82
6
66
18
49
57
73
88
74
36
73
30
8
7
32
82
73
22
57
47
64
94
94
17
6
5
69
17
35
35
17
64
74
37
65
31
88
39
98
33
8
73
50
10
59
76
74
44
20
73
74
25
18
41
83
12
31
35
74
1
43
25
64
24
31
74
14
37
20
53
45
58
61
78
64
31
60
26
25
10
37
88
88
35
31
37
61
35
15
70
15
12
37
43
57
32
7
98
10
60
4
55
72
76
6
49
22
90
74
23
16
64
86
16
38
65
-1
51
31
31
30
85
15
49
20
74
95
70
74
31
59
35
70
31
6
31
10
5
10
43
37
74
74
77
37
34
34
24
33
10
91
84
31
97
90
-1
35
37
62
39
10
35
24
85
41
35
30
61
23
91
68
68
15
94
80
53
6
45
94
83
37
35
17
53
93
55
84
56
51
86
94
52
43
6
70
28
37
74
8
47
51
33
10
76
35
42
90
24
93
1
64
20
64
37
10
12
37
35
1
82
57
39
74
0
43
35
10
79
51
71
49
28
89
75
34
79
28
2
69
-1
43
40
49
91
31
94
65
59
7
98
50
31
66
69
19
31
91
1
82
95
55
13
37
95
95
88
53
37
82
35
64
49
20
62
6
99
1
15
25
31
4
93
1
95
90
28
57
43
84
45
93
90
64
96
74
63
39
28
44
22
74
20
86
47
69
81
57
38
86
86
48
90
4
16
61
83
50
20
46
83
95
58
96
11
85
90
5
85
37
21
95
10
77
48
17
5
64
90
90
47
41
35
32
-1
6
-1
29
39
84
29
29
7
29
7
-1
39
39
40
37
29
34
39
94
30
7
8
86
67
-1
27
30
18
2
62
64
83
39
60
28
85
7
38
1
73
90
85
50
85
30
90
74
78
55
90
85
85
85
60
85
85
91
74
94
94
94
94
39
8
30
39
53
16
91
57
52
14
37
31
27
37
47
94
30
52
94
38
38
63
26
38
43
11
11
20
73
73
20
72
37
49
74
73
10
73
42
50
49
42
12
92
99
94
41
79
41
58
39
41
87
42
95
64
41
90
99
74
41
48
41
97
38
32
41
4
32
49
12
41
41
41
57
38
48
65
89
78
53
56
83
20
78
36
41
41
20
39
20
32
48
41
47
20
20
53
30
43
37
29
41
93
16
68
84
40
38
45
99
64
94
32
13
59
70
94
94
79
29
77
56
5
70
79
30
94
53
59
6
53
1
38
68
86
54
68
84
41
38
37
23
84
44
63
77
40
94
41
38
28
37
61
62
2
29
91
68
16
41
37
21
41
6
71
62
56
92
1
26
84
56
98
68
33
91
37
49
23
35
33
25
37
46
84
43
68
84
84
41
36
2
6
96
97
2
74
40
56
56
57
70
96
84
67
63
77
41
63
19
67
91
96
22
57
2
1
27
56
85
79
68
46
84
76
51
83
39
16
86
35
11
53
10
1
15
37
37
39
19
32
28
32
6
21
51
38
37
44
86
77
29
61
26
94
37
2
84
37
43
18
64
84
19
28
40
28
63
48
89
54
31
49
42
91
55
39
92
28
88
98
89
38
2
20
27
71
59
49
95
3
62
40
52
71
29
77
48
70
88
37
23
29
65
59
96
29
97
59
20
37
63
29
42
23
49
75
29
23
49
54
40
84
97
40
77
22
44
29
37
0
23
25
45
61
29
75
58
23
43
52
4
34
84
89
37
54
23
63
62
8
20
20
22
34
37
97
74
81
51
99
97
63
1
97
97
8
63
83
63
29
64
7
54
26
49
18
3
14
52
